function data=InsertData()

N = 40;
 
data.N=N;
data.nvar=N-1;
 
        
data.d=[0    42    14    13    15    25    36    18    31    17    49    41    26    48    24    40    29    19    29    14     8    36    18    27    19    24    49    16    20    10    34    31    41    26    47    45    36    39    17    19
       42     0    26    23    34    31    36    27    39    32    30    49    19    27    36    45    45    41    32    24    29    26     3    37    22    33    42    14    28    13    18     8    31    22    23    30    33     3    26    43
       14    26     0    17    21    15    15    46     7    24    47    10    17    18    37    23    13    36    31    20    24    32    41    21    43    36    49    32    37    21    36    29    39    29    33    15    34    27    34    29
       13    23    17     0    30    26    43    15    31    32    16    17    29    28    45    23    17    39    17     6    51    31    15    30    26    53    35    8     32    27    33    19    12    23    40    28    30    28    11    24
       15    34    21    30     0    50    19    46    53    47    26    11    14    15    35    32    26    26    36    25    28    40    35    20    14    39    16    40    30    23    15    33    47    19    24    21    14    39    44    13
       25    31    15    26    50     0    27    17    24    15    35    16    32    31    31    28    39    37    28    49    34    38    25    44    31    43    29    42    45    29    13    28    35    40    18    33    34    28    13    36
       36    36    15    43    19    27     0    46    22    41     8    39    34    28    15    37    23    13    40    17    39    36    35    21    13    13    17    26     9    33    44    11    35    35    37    33    32    38    25    15
       18    27    46    15    46    17    46     0    51    18    27    20    42    49    33    44     6    29    28    29    23    44    34    32    28    29    47    23    42    31    26    22    30    14    48    32    34    31    19    18
       31    39     7    31    53    24    22    51     0    48    14    36    41    23    18    35    10    29    40    23    16    18    25    18    17    40    29    27    16    29    20    26    18    23    30    26    18    39    34    24
       17    32    24    32    47    15    41    18    48     0    22    16    21    43    30    27    36    18    25    30    34    17    10    26    38    23    26    23    25    27    31    20    34    28    37     6    19    37    34    10  
       49    30    47    16    26    35     8    27    14    22     0    40    30    33    16    29    47    24    37    22    40    40    42    41    24     9    25    17    34    29    27    42    26    16    35    18    22    47    28    21
       41    49    10    17    11    16    39    20    36    16    40     0    50    25    16    25    37    47    33    30    19    37    21    30    20    17    27    27    36    17    30    26    27    42    36    40    23    29    36    23
       26    19    17    29    14    32    34    42    41    21    30    50     0    33    25     9    32    35    36    20    11    28    15    41    18    24    27    35    44    26    18     6    28    21    42    17    16    14    27    50
       48    27    18    28    15    31    28    49    23    43    33    25    33     0    20    25    36    41    32    16    40    41    33    34    44    31    13    44    16    43    26    31    12    13    15     7     9    37    25    29
       24    36    37    45    35    31    15    33    18    30    16    16    25    20     0    33    38    31    23    45    12    40    42    25    15    21    38    28    21    10    44    16    20    21    46    28    27    27    38    40
       40    45    23    23    32    28    37    44    35    27    29    25     9    25    33     0    40    34    44    39    23    34    43    31    29    47     4    29    39    21    29    17    15    29    20    30    28    14    22    31
       29    45    13    17    26    39    23     6    10    36    47    37    32    36    38    40     0    22    14    31    32    23    22    27    12    23    29    24    11    31    25    22    51    33    27    16    43    30    35    19
       19    41    36    39    26    37    13    29    29    18    24    47    35    41    31    34    22     0    28    25    18    13     5     7    37    31    24    22    34    33    33    29    40    14    18    38     4    18    33    38
       29    32    31    17    36    28    40    28    40    25    37    33    36    32    23    44    14    28     0    29    32    41    44    19     5    32    26    32    25    25    18    32     9    25    19    21    34    16    34    18
       14    24    20     6    25    49    17    29    23    30    22    30    20    16    45    39    31    25    29     0    27    29    15    45    35    44    42    13    19    33    34    44    35    41    42    38    21    34    11    42
        8    29    24    51    28    34    39    23    16    34    40    19    11    40    12    23    32    18    32    27     0    21    25    19    30    21    22    45     7    26    17    41    28    20    50    23    26    51    20    11 
       36    26    32    31    40    38    36    44    18    17    40    37    28    41    40    34    23    13    41    29    21     0    50    19    22    16    49    25     3    23    29    21    31    32     6    32    37    37    31    20
       18     3    41    15    35    25    35    34    25    10    42    21    15    33    42    43    22     5    44    15    25    50     0    40    13    17    34    43    23    36    52    29    40    29    18    39    37    44    35    38
       27    37    21    30    20    44    21    32    18    26    41    30    41    34    25    31    27     7    19    45    19    19    40     0    32    29    32    48    29    30    42    28    29    30    17    28    29    20    15    35
       19    22    43    26    14    31    13    28    17    38    24    20    18    44    15    29    12    37     5    35    30    22    13    32     0    33    29    24    35     5    10    21    20    17    11    45    46    34    29    21
       24    33    36    53    39    43    13    29    40    23     9    17    24    31    21    47    23    31    32    44    21    16    17    29    33     0     8    31    31    36    18    46    50    43     6    20    26    39    12    34  
       49    42    49    35    16    29    17    47    29    26    25    27    27    13    38     4    29    24    26    42    22    49    34    32    29     8     0    10    41    29    45    15    29    53    24    18    17    22    24    13
       16    14    32     8    40    42    26    23    27    23    32    17    27    35    44    28    29    24    22    32    13    45    25    43    48    24    10    0     44    69    74    48    80    21    46    52    47    60    12    27  
       20    28    37    32    30    45     9    42    16    25    30    34    36    44    16    21    39    11    34    25    19     7     3    23    29    35    41    44     0    54    37    65    24    27    36    54    72    64    46    39   
       10    13    21    27    23    29    33    31    29    27    11    29    17    26    43    10    21    31    33    25    33    26    23    36    30     5    29    69    54     0    58    42    33    29    12    46    82    44    17    57    
       34    18    36    33    15    13    44    26    20    31    33    27    30    18    26    44    29    25    33    18    34    17    29    52    42    10    45    74    37    58     0    71    68    61    63    52    52    72    82    32 
       31     8    29    19    33    28    11    22    26    20    29    42    26     6    31    16    17    22    29    32    44    41    21    29    28    21    15    48    65    42    71     0    44    26    74    77    23    16    54    45    
