function data=InsertData()
N = 50;

data.N=N;
data.nvar=N-1;
 
        
data.d=[0    13    33    29    23    10    17    13    25    24    19    24    12    32    28    41    24    26    37    16    25    28    18    27    19    31    28    13    23    47    28    34    30    15    38     8    20    29    12    23    25    25    24    34    22    36    30    11    28    41
       13     0    26    24    23    34    27    34    16    25    22    43    20    29    25    19     6    11    14    23    13    15    29    26    23    24    42    18    22    21    11    25    13    14    28    17    25    38    28    35    27    22     4    25    20    42    41    33    32    39
       33    26     0    13     8    18    16     4    28    15    30     9    22    32    29     5    28    39    39    22    32    35    27    33    22    11    22    29    33    27    18    29    24    22    18    25    38    19    16    10    35    35    19    16    12    43    25    39    23    18
       29    24    13     0    15    36    26    25    27    40    19    24    32    28    27    42    39    14    31    34    30    14    30    34    39    18     8    27    38    21    13    31     8    29    12    32    16    33    39    29    30    46    21    23    28    18    29    19    17    37
       23    23     8    15     0    35    17     7    21    41    33    19    20    42    29    40    34    27    11    39    41    35    38    28    44    43    39    22    28    31     8    39    28    24    13    21    20    14    33    40    31    30    28     8    21    20    22    16     9    34
       10    34    18    36    35     0    14    18    25    43    16    29    19    21    25    26    35    43    36     7     5    16    14    33    12    18    26    16     3    48    22    14    15    12     6    40    41    30    13    28    37    22     9    37    32    10    32    41    35    20
       17    27    16    26    17    14     0     5    40    27    16    16    40    26    30    33    20    37    44    13    16    21    15    32    27    25    29    12    43    15    31    29    41    32    40    17    25    28    23    18    29    12    27    28    19    18    16    27    16    27
       13    34     4    25     7    18     5     0    29    34    29    34    27    24    12    26    31    37     7    27    13    12    36    21    20    28    30     7    32    23    42    26    26    44    38    20    14    28    33    25    25    26     6    23    12    38    19    11    27    34
       25    16    28    27    21    25    40    29     0    41     9    29    40    19    33    14    39    21    14    37    20    27    29    30    23    12    18    43    46    27     6    33     7    19    14    25    21    29    29    17    26    24    48    26    32    19    18    36    34    29
       24    25    15    40    41    43    27    34    41     0    38    15    37    14    47    23    16    25    18    34    36    47    33    22    25    34    28    43     6    19    34    16    28    13    10    16    25    18    46    40    19    45    21    22    40    26    25    24    23    35
       19    22    30    19    33    16    16    29     9    38     0    11    33    32    24    37    47    17    39    22    31    27    30    31    22    37    42     9    28    26    32    26    26     9    25    24    22    13    43     6    25    32     7    13    24    23    32    26    24    10
       24    43     9    24    19    29    16    34    29    15    11     0    30     6    26     8    27    34    18    32    33    25    26    38    22    26    17    12    15    28    17    41    12    39    42    21    45    31    15    14    25    30    14    11    26    18    16    26    28     9
       12    20    22    32    20    19    40    27    40    37    33    30     0    14    34    47    11    36    26    42    26    26    22    31    47    26    22    39    42    17    32    13    24    31    25    17    22    13    26    28    30    19    35    30    23    20    38    18    35    18
       32    29    32    28    42    21    26    24    19    14    32     6    14     0    34    28    25    39     8    42    26    38    16    12    32    40    48    27    35    12    23    26    32    14    20    14    28    29    33    34    30    15    40    13    10    25    21    14    13    23
       28    25    29    27    29    25    30    12    33    47    24    26    34    34     0    11    38    34    16    35    17    18    32    33    12    26    35    31    23    41    36    46    47    27    23    26    36    25     8    15    29     8    19     8    32    20    13    40    35    38
       41    19     5    42    40    26    33    26    14    23    37     8    47    28    11     0    16    25    39    25    36    36    28    12    30    18    25    16    44    23    22    15    21    30     8     7    43    34     6    41    39    20    15    19    25    36    37    26    26     8
       24     6    28    39    34    35    20    31    39    16    47    27    11    25    38    16     0    29    42    21    32    38    25    26    36    28    23    38    19     9    30    42    30    25    12    27    37    16     9    11    21    25    27    18    15    30    32    29    19    30
       26    11    39    14    27    43    37    37    21    25    17    34    36    39    34    25    29     0    29    41    28    28    40    30    29    30    17    35     9    29    24    15    13    18    27    28    44    37    39    28    35     8    22     4    23    33    41    32    22    22
       37    14    39    31    11    36    44     7    14    18    39    18    26     8    16    39    42    29     0    37    22     8    29    14    11    29    16    28    18    23    41    19    31    10    23    27    32     2    25    19    28    32    46    23    40    35    26    44    38    36
       16    23    22    34    39     7    13    27    37    34    22    32    42    42    35    25    21    41    37     0    20    31    40    34    10    37    16    16    37    11    26    24    25    33    31    30    16     3    39     6    13    42    46    39    22    31    20    28    33    48
       25    13    32    30    41     5    16    13    20    36    31    33    26    26    17    36    32    28    22    20     0    24    48    10    43    26    44    18    12    27    11    16    24    37    15    18    26    31    22    45    36    45     5    27    43    41    28    47    12    26
       28    15    35    14    35    16    21    12    27    47    27    25    26    38    18    36    38    28     8    31    24     0    26    27    16    17    26    10    14    27    36    29    36    28    41    34    23    30    40    34    33    26    29    28    20    37    24    26    28    31
       18    29    27    30    38    14    15    36    29    33    30    26    22    16    32    28    25    40    29    40    48    26     0    38    23    37    22    30    29    21    18    23     9    31    29    16    22    17    16    20    26    22    28    24    26    31    10    43    42    26
       27    26    33    34    28    33    32    21    30    22    31    38    31    12    33    12    26    30    14    34    10    27    38     0    22    19     6    19    33    45    38    33    20    35    39    34    15    31    28    36    39    15    14    16    27    42    27    23    34    44
       19    23    22    39    44    12    27    20    23    25    22    22    47    32    12    30    36    29    11    10    43    16    23    22     0    26    30    27    31    26    45    40    23    15    20    44    32     8     9    35    34    14    21    25    10    13    21     9    40    34
       31    24    11    18    43    18    25    28    12    34    37    26    26    40    26    18    28    30    29    37    26    17    37    19    26     0    22    36    25     8    21    19    31    32    26    19    27    22    27    37    38    29    38    20    25    27    25    43    31    27
